11000000000000000000000000000000000000000000000000000000000000000000000000000011
11000000000000000000000000000000000000000000000000000000000000000000000000000011
00100000000000000000000000000000000000000000000000000000000000000000000000000100
00010000000000000000000000000000000000000000000000000000000000000000000000001000
00001000000000000000000000000000000000000000000000000000000000000000000000010000
00000100000000000000000000000000000000000000000000000000000000000000000000100000
00000010000000000000000000000000000000000000000000000000000000000000000001000000
00000001000000000000000000000000000000000000000000000000000000000000000010000000
00000000100000000000000000000000000000000000000000000000000000000000000100000000
00000000010000000000000000000000000000000000000000000000000000000000001000000000
00000000001000000000000000000000000000000000000000000000000000000000010000000000
00000000000100000000000000000000000000000000000000000000000000000000100000000000
00000000000000000000000000000000000000000000000000000000000000000000000000000000
00000000000000000000000000000000000000000000000000000000000000000000000000000000
00000000000000000000000000000000000000000000000000000000000000000000000000000000
00000000000000000000000000000000000000000000000000000000000000000000000000000000
00000000000000000000000000000000000000000000000000000000000000000000000000000000
00000000000000000000000000000000000000000000000000000000000000000000000000000000
00000000000000000000000000000000000000000000000000000000000000000000000000000000
00000000000000000000000000000000000000000000000000000000000000000000000000000000
00000000000000000000000000000000000000000000000000000000000000000000000000000000
00000000000000000000000000000000000000000000000000000000000000000000000000000000
00000000000000000000000000000000000000000000000000000000000000000000000000000000
00000000000000000000000000000000000000000000000000000000000000000000000000000000
00000000000000000000000000000000000000000000000000000000000000000000000000000000
00000000000000000000000000000000000000000000000000000000000000000000000000000000
00000000000000000000000000000000000000000000000000000000000000000000000000000000
00000000000000000000000000000000000000000000000000000000000000000000000000000000
00000000000100000000000000000000000000000000000000000000000000000000100000000000
00000000001000000000000000000000000000000000000000000000000000000000010000000000
00000000010000000000000000000000000000000000000000000000000000000000001000000000
00000000100000000000000000000000000000000000000000000000000000000000000100000000
00000001000000000000000000000000000000000000000000000000000000000000000010000000
00000010000000000000000000000000000000000000000000000000000000000000000001000000
00000100000000000000000000000000000000000000000000000000000000000000000000100000
00001000000000000000000000000000000000000000000000000000000000000000000000010000
00010000000000000000000000000000000000000000000000000000000000000000000000001000
00100000000000000000000000000000000000000000000000000000000000000000000000000100
11000000000000000000000000000000000000000000000000000000000000000000000000000011
11000000000000000000000000000000000000000000000000000000000000000000000000000011