00000000000000000000000000000000000000000000000000000000000000000000000000000000
00000000000000000000000000000000000000000000000000000000000000000000000000000000
00000000000000000011110000000000000000000000000000000001111000000000000000000000
00000000000000000111111000000000000000000000000000000011111100000000000000000000
00000000000000001110011100000000000000000000000000000111101110000000000000000000
00000000000000011100001110000000000000000000000000000110000111000000000000000000
00000000000000111000001111000000000000000000000000001100000011100000000000000000
00000000000000110000000111000000000000000000000000011000000000110000000000000000
00000000000000000000000000000000000000000000000000000000000000000000000000000000
00000000000000000000000000000000000000000000000000000000000000000000000000000000
00000000000000000000000000000000000000000000000000000000000000000000000000000000
00000000000000000000000000000000000000000000000000000000000000000000000000000000
00000000000000000000000000000000000000000000000000000000000000000000000000000000
00000000000000000000000000000000000000000000000000000000000000000000000000000000
00000000000000000000000000000000000000000000000000000000000000000000000000000000
00000000000000000000000000000000000000000000000000000000000000000000000000000000
00000000000000000000000000000000000000000000000000000000000000000000000000000000
00000000000000000000000000000000000000000000000000000000000000000000000000000000
00000000000000000000000000000000000000000000000000000000000000000000000000000000
00000000000000000000000000000000000000000000000000000000000000000000000000000000
00000000000000000000000000000000000000000000000000000000000000000000000000000000
00000000000000000000000000000000000000000000000000000000000000000000000000000000
00000000000000000000000000000000000000000000000000000000000000000000000000000000
00000000000000000000000000000000000000000000000000000000000000000000000000000000
00000000000000000000000000000000000000000000000000000000000000000000000000000000
00000000000000000000000000000000000000000000000000000000000000000000000000000000
00000000000000000000000000000000000000000000000000000000000000000000000000000000
00000000000000000000000000000000000000000000000000000000000000000000000000000000
00000000000000000010000000000000000000000000000000000000000001100000000000000000
00000000000000000011000000000000000000000000000000000000000001000000000000000000
00000000000000000001100000000000000000000000000000000000000010000000000000000000
00000000000000000000110000000000000000000000000000000000001110000000000000000000
00000000000000000000011100000000000000000000000000000000011000000000000000000000
00000000000000000000000110000000000000000000000000000001110000000000000000000000
00000000000000000000000001110000000000000000000000000111000000000000000000000000
00000000000000000000000000011110000000000000000000001100000000000000000000000000
00000000000000000000000000000011110000000000000001110000000000000000000000000000
00000000000000000000000000000000001111111111111111000000000000000000000000000000
00000000000000000000000000000000000001111111100000000000000000000000000000000000
00000000000000000000000000000000000000000000000000000000000000000000000000000000